   1            "a"  114  282.955719 429.760742 292.447357
   2            "b"    1    1.351167   1.351159   1.419866
   3            "e"    9   26.053314  23.601223  35.738018
   4            "h"   36   51.539352  74.431313  82.814148
   5            "i"   66  187.111755 111.806839 520.409180
   6            "k"   23  134.174500  57.778294  67.612663
   7            "l"    6   53.062675  11.948514  20.575260
   8            "m"    4  242.571243 211.556046 429.892426
   9            "n"   58  268.284729 477.887512 208.253036
  10            "o"   42   70.704834 109.908524 253.842438
  11            "p"   20   84.618370  47.485123 103.818703
  12            "r"   33  118.994194 165.336426 144.616333
  13            "s"   16   52.717228  99.180283  50.930958
  14            "t"   37   79.474640 127.251389 159.847534
  15            "u"   39   70.524132 159.182541 282.416626
  16        "ka-ki"   31  123.481949  85.775421 146.875626
  17        "ka-li"   19   85.628113  68.639519 102.228905
  18        "ka-lo"   13   32.978313  75.073929 261.184937
  19        "ka-mu"   48  156.502502 236.382385 318.820526
  20        "ka-ya"   84  203.031769 598.304199 406.789612
  21        "ka-yu"    5   26.869635  46.977184  23.896412
  22     "da-ng+an"  129  448.219971 580.719116 404.534821
  23    "ng-an+nya"   28   92.690933 112.276711 155.513504
  24     "be-be+ra"   31   96.113693  46.199337  79.542740
  25         "ja+m"   33  438.596191 158.379761 138.881348
  26         "ja-m"   80  242.571243 211.556046 429.892426
  27     "a-pa+kah"   62  191.952545 276.643311 413.960846
  28           "ah"    3   15.999795  18.721220  56.283855
  29           "al"    9   16.578594  32.772591 104.394859
  30           "ar"    4    6.002641   9.090086  26.196297
  31           "at"    3    5.060021  24.998840  18.991108
  32           "ba"   57  287.201477 288.176208 417.238312
  33           "bi"   35  116.587852 133.658600 112.521126
  34           "bo"    3    8.488777   5.080687   9.919311
  35           "bu"    1  120.504539  69.891960  65.757774
  36           "ca"    4   12.229504  19.620628  25.384768
  37           "ce"    2    1.999935   1.999935   1.999936
  38           "co"    5   31.994741  18.193007  41.631096
  39           "cu"   24   96.606514  90.996506  81.457825
  40           "da"   71  187.869095 339.097382 516.551880
  41           "de"   10   69.746193  39.137489  42.592392
  42           "di"   12  102.789688 115.015869 218.284683
  43           "do"    7   25.047405  29.553905  69.377998
  44           "du"   39  201.395874 142.313980 152.849197
  45           "eh"   11   16.999964  10.999949  23.999777
  46           "em"    3   11.979967  33.994583   5.001717
  47           "fa"    1    3.816867   3.816867   5.789638
  48           "ga"   48  235.005920 120.302910  94.080498
  49           "ge"    6   37.289726  36.174706  41.717564
  50           "gi"   34  357.460205 244.900726 315.501923
  51           "go"    1    4.860774   4.860774   9.159648
  52           "gu"    6   53.951828  48.129967  23.345627
  53           "ha"   34   86.676788 177.600037  75.681686
  54           "hi"    1    1.933566   1.933597   2.202718
  55           "ho"    3   86.023598  35.846428  32.106892
  56           "hu"    7   16.414440  20.827473  59.494518
  57           "ik"   20  203.018967  68.811478 180.775574
  58           "in"    7   82.296532  20.104397  39.777119
  59           "ir"    2    3.903913   3.903917   4.487894
  60           "is"    3    5.999097  17.599493  42.398762
  61           "ja"   19  438.596191 158.379761 157.022293
  62           "je"    1    2.888166   2.888166   3.749673
  63           "ju"    8   52.103863  71.305084  91.158035
  64           "ka"   78  222.032639 311.261719 492.407959
  65           "ke"    6  190.742081 202.591995 154.930008
  66           "ko"    6   10.214770  13.354894  45.666870
  67           "ku"   19   93.255280  54.648369  97.293556
  68           "la"   97  215.219604 227.728683 503.330414
  69           "le"   11   21.520145  18.044485  83.274849
  70           "lu"   25  110.603615 140.831314  93.137703
  71           "ma"   28  180.140640 321.267517 203.030609
  72           "me"   11   60.890129  33.920021  89.338638
  73           "mi"   34  136.083740  97.060295 169.712463
  74           "mo"    2    3.849027   3.849054   4.601954
  75           "na"   32   76.973022  65.181145 172.809937
  76           "ng"   32  448.219971 125.812141 111.644356
  77           "ni"   53  426.490906 167.661194 279.453217
  78           "no"    6   23.857988  26.057091   9.307056
  79           "nu"   27  129.504303  71.163948  89.129631
  80           "pe"   30  214.393631 128.505890  86.112450
  81           "pi"   13   55.351627  44.236668 111.304939
  82           "po"    3   33.134045  45.001240  10.097374
  83           "pu"    9   69.168114  45.458782  52.981815
  84           "ra"   59  137.870331 160.288467 328.216003
  85           "re"    4   21.962162  16.929108  14.050696
  86           "ri"   45  188.568436 214.225174 220.346832
  87           "ro"    4   10.002841   3.999923  10.079184
  88           "ru"   17   73.023483  71.478355  52.502117
  89           "sa"   33  621.264099 879.813110 203.962524
  90           "se"   89  290.817017 492.830353 242.174225
  91           "si"   29  220.056671  77.755165 159.239304
  92           "so"    1    0.999963   0.999963   0.999963
  93           "sp" 1406  10794.122070
  94           "su"   15   60.869804  50.594410 175.149384
  95           "ta"   45  213.098557 131.171265 163.054779
  96           "te"   25   68.722260  52.030956 146.670288
  97           "ti"   48  196.272186 114.813469 248.848618
  98           "to"    3   14.195387   5.999999  36.000072
  99           "tu"   32  170.247696 280.428406 191.114029
 100           "uh"    3   16.709211  11.420557  69.064110
 101           "un"    7   26.395504  29.997215  46.781845
 102           "us"    2    6.103536   6.103523   8.308440
 103           "wa"    4    6.654491   3.999866   4.766583
 104           "ya"   39  154.595383 423.186401 404.134674
 105      "pre-san"    1    3.608730   3.608740   5.709023
 106     "la-ka+ng"   38  124.581459 311.261719 492.407959
 107     "ke-ma+ri"   44  180.140640 321.267517 336.133606
 108    "ra-sa+nya"  144  621.264099 879.813110 486.260498
 109    "si-lah+ka"    7    8.820634  40.456287  51.545895
 110       "ka-nya"   68  408.318787 388.939575 358.780457
 111         "ba+n"   25  287.201477 288.176208 170.691727
 112       "ma-kan"    8   32.669418  17.878996  93.173576
 113      "na-n+ti"   37  268.284729 477.887512 153.046478
 114      "tri-tis"    1    1.434458   1.434458   1.544119
 115    "pe-rik+sa"    5   35.002857  72.904587  23.288036
 116        "di+mi"   17  102.789688 115.015869 218.284683
 117       "ma-sih"    9  349.274597 379.123077 131.410324
 118        "n-cul"    1    4.075427   4.075434   6.492558
 119       "ma-suk"    1    3.969483   3.969482   6.193601
 120        "a-neh"    1    5.406356   5.406329  11.768763
 121      "per+nah"   18   64.784142  44.981411 110.298279
 122        "a-pek"    1    6.643270   6.643242  25.323425
 123        "a-pel"    1    6.833959   6.833941  32.113121
 124       "naf+su"    1    2.477285   2.477285   3.017637
 125  "mak-sud+nya"    1    2.759913   2.759900   3.663835
 126        "bu+ah"   13  120.504539  69.891960  65.757774
 127        "a-rin"    1    1.163654   1.163654   1.192116
 128        "a-ruh"    1    2.556001   2.556022   3.158967
 129       "bo-leh"    3   18.999983  22.999920  86.778419
 130   "pe-rut+nya"    1    2.760705   2.760700   3.508857
 131       "sa-kit"   29  297.524475 149.509338 274.389160
 132        "a-yah"    2    2.005361   2.005361   2.006226
 133        "n-tar"    2   11.541269  11.541284  32.044132
 134       "pi-lek"    1    1.001221   1.001210   1.001411
 135       "ber+mi"    2    5.114022   5.113978   7.474202
 136       "nge+ro"    3   43.337879  52.992344  37.940430
 137        "gi+ma"   16  357.460205 244.900726 117.085747
 138     "m-ban+tu"    2    8.414145   8.414141  15.553585
 139       "sel+si"    1    3.623295   3.623294   5.309135
 140   "bu-pro+fen"    1    4.066129   4.066129   7.145568
 141   "se-ben+tar"    1    5.508371   5.508380  15.755852
 142      "dok+ter"    4  439.905792 426.341919 372.042358
 143    "m-buh+nya"    1    2.469081   2.469078   3.018243
 144   "da-rah+nya"    5   95.685684  35.071678  34.061668
 145       "un-tuk"    4   25.052479  17.996965  25.925489
 146       "wa-yat"    1    1.000027   1.000027   1.000032
 147       "lo-kal"    1    4.638003   4.637981   8.306314
 148         "leks"    1    5.252961   5.252960  10.946159
 149       "no-fen"    2   10.443843  10.443809  27.431561
 150   "sa-ran+kan"    3   37.899670   5.001704  37.024689
 151         "n-tu"   13  181.711746 280.428406 191.114029
 152      "gas+tri"    1    1.434432   1.434451   1.544119
 153       "le-kas"    2    5.137013   5.137034   6.419886
 154       "wak+tu"    5   26.005251  36.772816  65.805244
 155       "ro-kok"    3    4.999975   5.999971 120.382629
 156       "pe-cah"    1    1.964830   1.964830   2.228084
 157       "pe-das"    1    4.712902   4.712901   8.575540
 158      "per-nah"    7   18.360210  41.801819  89.856094
 159   "de-pre+san"    1    3.608713   3.608750   5.709077
 160          "bah"    2    3.513870   3.513800   3.983330
 161          "bil"    1    4.260375   4.260344   7.040948
 162          "bis"    1    1.006341   1.006327   1.007376
 163          "bur"    1    6.457778   6.457779  21.552717
 164          "cek"    1    1.922586   1.922586   2.165922
 165          "dah"    3    7.992281  17.999786  27.731657
 166          "dan"    7   14.035064  17.108965  93.258202
 167          "dar"    1    1.067603   1.067618   1.078958
 168          "deh"    1    1.028481   1.028481   1.033259
 169          "dok"   62  439.905792 426.341919 372.042358
 170          "dur"    2    7.714104   7.714108  12.030022
 171          "eeh"    1    5.481334   5.481328  12.194910
 172       "ba-han"    1    0.999898   0.999898   0.999898
 173          "flu"    1    5.259212   5.259173  10.977018
 174          "for"    1    4.870684   4.870671   9.197343
 175          "gak"    1    1.003082   1.003082   1.003596
 176       "ter+la"    9  109.839111  38.439426  29.090441
 177          "hal"    1    1.738031   1.738002   1.921769
 178          "hir"    2    2.126436   2.126387   2.148567
 179          "hit"    1    1.979705   1.979701   2.250207
 180         "o-ke"   22  209.531158 202.591995 286.948547
 181      "nor+mal"    2    2.821724   2.821737   3.011496
 182       "sen+di"    1    3.025535   3.025535   4.007084
 183          "juh"    2    4.293185   4.293149   5.552003
 184          "kah"    1    4.999856  30.017437  42.077583
 185          "kak"    1    1.005184   1.005183   1.006060
 186          "ken"    1    2.607882   2.607889   3.246787
 187          "ker"    1    3.257493   3.257520   4.492279
 188          "kut"    1    5.510068   5.510056  12.371206
 189          "lan"    1    6.942477   6.942541  41.313564
 190          "ler"    4   52.806969  50.112896  35.012409
 191          "lis"    1    2.488189   2.488190   3.041481
 192          "luh"    1    1.002174   1.002172   1.002543
 193          "mad"    1    1.332555   1.332555   1.390258
 194          "mah"    1    2.727544   2.727543   3.449138
 195          "mak"    1    2.759924   2.759894   3.663838
 196          "mal"    2    2.821687   2.821653   3.011450
 197          "mas"    1    2.020106   2.020072   2.309780
 198          "mat"    9   72.796997  31.564058  14.100833
 199          "mol"    1    3.483881   3.483877   4.976934
 200          "mur"    1    3.471735   3.471728   4.955184
 201       "ba-pak"   11  180.135590  83.305237 210.086060
 202          "nak"    2    5.507086   5.507065   8.854707
 203          "nih"    1    4.200813   4.200813   6.857294
 204          "nye"    2    6.864472   6.864446   9.766173
 205          "pak"   12  180.135590  83.305237 210.086060
 206          "pat"    1    0.999954   0.999954   0.999954
 207          "pet"    2    8.205558   8.205572  13.170249
 208          "rak"    2    2.126697   2.126765   2.149055
 209          "ral"    1    1.003161   1.003161   1.003851
 210          "ram"    1    4.415831   4.415851   7.538901
 211          "rih"    1    1.059881   1.059897   1.070657
 212          "sal"    4   15.053500  37.939957  51.835911
 213          "sih"   33  349.274597 379.123077 131.410324
 214          "sil"  412  5253.110352 10794.122070 4675.858887
 215          "ten"    1    3.745395   3.745392   5.604766
 216          "tih"    1    1.080025   1.080024   1.093472
 217          "tot"    2    7.281014   7.281012  15.057790
 218          "tri"    1    1.434458   1.434458   1.544119
 219          "tro"    1    1.707241   1.707241   1.871979
 220        "ke+ba"   37  190.742081 202.591995 154.930008
 221      "ba-nyak"    5   13.993509  11.999782  13.220157
 222       "pa-kah"    2    4.999856  30.017437  42.077583
 223        "ya+ng"   19  154.595383 423.186401 404.134674
